Cans,80.741,2555.084,85.118,0,0.011248749632994971,0.019767195972361894,0.01157673921954104,0
JGxnm,80.996,2639.677,85.136,-10,0.008065031533873914,-0.012913001797626748,0.011362865167366256,-10
karnak07,81.002,2560.415,84.872,1,0.007990361893751404,0.017643954653384784,0.01450877661524283,1
simsoares,81.159,0.0,85.828,-11,0.00604043044046428,-1,0.0032086136096482047,-11
AmateurGamer,81.193,0.0,86.069,-12,0.005619145666715712,-1,0.0003995502316616497,-12
SuperMario__,81.381,2630.178,85.636,-5,0.0032960432302090955,-0.009348095013399749,0.00545785521146356,-5
Ponty,81.442,2609.596,84.97,1,0.002544575208340335,-0.001534779270873288,0.013338694702705546,1
TuRbsOn,81.562,2629.233,87.102,-2,0.001069558055438182,-0.008992034500614445,-0.011464847088598594,-2
RRG_AimGod,81.694,2587.178,83.667,5,-0.0005479558582314,0.007116961474566604,0.029120069906759985,5
Delta2611,81.704,2612.637,85.817,2,-0.0006702818207474166,-0.002696950952678851,0.003337204620167287,2
Vennez,81.796,0.0,86.777,-3,-0.0017942772981852397,-1,-0.00776255356962227,-3
Kenworthington,81.799,2580.048,84.872,9,-0.0018308867575686733,0.009900143777885676,0.01450877661524283,9
kyri010,81.806,0.0,92.569,-5,-0.0019162983874330833,-1,-0.06984639686192043,-5
Lasher,81.893,0.0,85.646,-2,-0.0029766244475395213,-1,0.0053404582687911675,-2
danser9,82.029,2596.612,86.918,10,-0.004629639589442146,0.0034579082873552455,-0.00937217965336429,10
CrystalCatcha,82.723,2638.201,87.289,3,-0.012980243776003679,-0.012360754107118399,-0.01358259472683972,3
NLRlISHIFTYIl,83.117,2610.554,85.726,10,-0.01765901928465125,-0.0019011879647591779,0.004402268726977698,10
FSN Archer,0.0,2623.268,85.849,9,-1,-0.006738600038636491,0.0029632131869781284,9

Cans: 0.010648171206224476
JGxnm: -2.4983712762740966
karnak07: 0.26003577329059474
simsoares: -2.997687738987472
AmateurGamer: -3.2484953260254055
SuperMario__: -1.2501485491429318
Ponty: 0.25358712266004313
TuRbsOn: -0.5048468308834437
RRG_AimGod: 1.2589222688807737
Delta2611: 0.49999249296168524
Vennez: -1.0023892077169518
Kenworthington: 2.25564450840889
kyri010: -1.5179406738123384
Lasher: -0.7494090415446871
danser9: 2.497364022261137
CrystalCatcha: 0.7402691018475096
NLRlISHIFTYIl: 2.4962105153693916
FSN Archer: 1.9990561532870854
